[{"id": 5608, "img_name": "/opt/roadar_data/colmap_c/images/10/006805.jpg", "width": 1440, "height": 1440, "position": [-1.1026321649551392, -0.0108090965077281, 0.8317782878875732], "rotation": [[-0.7436156868934631, 0.6686072945594788, 8.096072997432202e-05], [0.2621169984340668, 0.2916342318058014, -0.9199153184890747], [-0.6150857210159302, -0.68404221534729, -0.39211711287498474]], "fy": 720.0, "fx": 720.0, "pinhole_name": "right"}, {"id": 1906, "img_name": "/opt/roadar_data/colmap_c/images/00/005366.jpg", "width": 1440, "height": 1440, "position": [-0.32197555899620056, -0.2233625203371048, 0.8551256656646729], "rotation": [[0.5876570343971252, 0.1988888829946518, -0.7842846512794495], [0.0545060969889164, 0.957384467124939, 0.28362661600112915], [0.8072721362113953, -0.2094234824180603, 0.5517730712890625]], "fy": 720.0, "fx": 720.0, "pinhole_name": "top"}, {"id": 2170, "img_name": "/opt/roadar_data/colmap_c/images/00/005835.jpg", "width": 1440, "height": 1440, "position": [-1.0317203998565674, 0.5151990652084351, -0.9940781593322754], "rotation": [[0.5057716965675354, 0.7532138228416443, -0.42055195569992065], [0.595553994178772, -0.6575541496276855, -0.46145203709602356], [-0.6241077184677124, -0.017072008922696114, -0.7811517715454102]], "fy": 720.0, "fx": 720.0, "pinhole_name": "left"}, {"id": 974, "img_name": "/opt/roadar_data/colmap_c/images/00/003012.jpg", "width": 1440, "height": 1440, "position": [0.9807944297790527, -0.5779792070388794, 0.4064164161682129], "rotation": [[0.5598161220550537, 0.1380915641784668, -0.8170291781425476], [-0.39949798583984375, 0.9088299870491028, -0.12012259662151337], [0.725952684879303, 0.39364808797836304, 0.563944935798645]], "fy": 720.0, "fx": 720.0, "pinhole_name": "front"}, {"id": 901, "img_name": "/opt/roadar_data/colmap_c/images/00/002820.jpg", "width": 1440, "height": 1440, "position": [0.6208254098892212, -0.06089535728096962, -0.0010951673611998558], "rotation": [[0.4116480052471161, -0.7247673869132996, 0.5525016784667969], [0.27624866366386414, -0.47849276661872864, -0.8335054516792297], [0.8684656620025635, 0.4957387149333954, 0.0032454393804073334]], "fy": 720.0, "fx": 720.0, "pinhole_name": "top"}, {"id": 973, "img_name": "/opt/roadar_data/colmap_c/images/00/003012.jpg", "width": 1440, "height": 1440, "position": [0.9807944297790527, -0.5779792070388794, 0.4064164161682129], "rotation": [[0.985829770565033, 0.13946454226970673, -0.093216672539711], [-0.1648496836423874, 0.9083094000816345, -0.38444581627845764], [0.03105301782488823, 0.3943648636341095, 0.9184291362762451]], "fy": 720.0, "fx": 720.0, "pinhole_name": "right"}, {"id": 5285, "img_name": "/opt/roadar_data/colmap_c/images/10/006237.jpg", "width": 1440, "height": 1440, "position": [0.07576873153448105, 0.4234439432621002, -1.8350470066070557], "rotation": [[-0.43353304266929626, -0.6626155376434326, -0.6107288599014282], [-0.5632010102272034, -0.32982486486434937, 0.7576411962509155], [-0.7034584283828735, 0.6724256277084351, -0.2301957607269287]], "fy": 720.0, "fx": 720.0, "pinhole_name": "left"}, {"id": 4228, "img_name": "/opt/roadar_data/colmap_c/images/10/003913.jpg", "width": 1440, "height": 1440, "position": [0.9466520547866821, 0.3428214490413666, 0.8171530961990356], "rotation": [[-0.7690812349319458, -0.623080849647522, -0.1424228847026825], [0.317027747631073, -0.1783958077430725, -0.9314871430397034], [0.5549841523170471, -0.7615413069725037, 0.3347347676753998]], "fy": 720.0, "fx": 720.0, "pinhole_name": "right"}, {"id": 2127, "img_name": "/opt/roadar_data/colmap_c/images/00/005732.jpg", "width": 1440, "height": 1440, "position": [-0.7604779601097107, 0.5033680200576782, -0.9614868760108948], "rotation": [[0.8142275214195251, 0.5187726616859436, 0.2605925500392914], [0.547778844833374, -0.8351932168006897, -0.048893317580223083], [0.1922806054353714, 0.1825573742389679, -0.964210033416748]], "fy": 720.0, "fx": 720.0, "pinhole_name": "bottom"}, {"id": 3278, "img_name": "/opt/roadar_data/colmap_c/images/10/001095.jpg", "width": 1440, "height": 1440, "position": [0.5715513229370117, -0.0721297562122345, -0.5438277721405029], "rotation": [[0.8222593069076538, -0.13925418257713318, 0.5518132448196411], [0.5652920007705688, 0.3120121359825134, -0.7636054754257202], [-0.06583717465400696, 0.9398173689842224, 0.3352741599082947]], "fy": 720.0, "fx": 720.0, "pinhole_name": "right"}, {"id": 3145, "img_name": "/opt/roadar_data/colmap_c/images/10/000677.jpg", "width": 1440, "height": 1440, "position": [-0.8765148520469666, -0.2742665410041809, 0.6033576130867004], "rotation": [[-0.40309470891952515, -0.6324347257614136, -0.6614688038825989], [-0.7442262768745422, 0.6471668481826782, -0.16523398458957672], [0.5325803756713867, 0.42567750811576843, -0.7315441370010376]], "fy": 720.0, "fx": 720.0, "pinhole_name": "left"}, {"id": 3596, "img_name": "/opt/roadar_data/colmap_c/images/10/002005.jpg", "width": 1440, "height": 1440, "position": [0.9783243536949158, -0.6282667517662048, -0.8585019707679749], "rotation": [[0.07270073145627975, 0.3977750837802887, 0.9145980477333069], [0.656205952167511, 0.6715011596679688, -0.344209223985672], [-0.7510715126991272, 0.625188946723938, -0.2122037559747696]], "fy": 720.0, "fx": 720.0, "pinhole_name": "top"}, {"id": 5765, "img_name": "/opt/roadar_data/colmap_c/images/10/007168.jpg", "width": 1440, "height": 1440, "position": [0.4338848888874054, 0.1887940615415573, 0.25127118825912476], "rotation": [[0.01120929978787899, -0.9982510209083557, -0.05804525315761566], [-0.6511357426643372, -0.05134175717830658, 0.7572227716445923], [-0.7588785290718079, 0.029307400807738304, -0.6505724191665649]], "fy": 720.0, "fx": 720.0, "pinhole_name": "left"}, {"id": 2703, "img_name": "/opt/roadar_data/colmap_c/images/00/006851.jpg", "width": 1440, "height": 1440, "position": [-0.4751206636428833, -0.04925989732146263, 0.8740718364715576], "rotation": [[0.9790235161781311, -0.004241382237523794, 0.20370317995548248], [-0.18985100090503693, 0.34391283988952637, 0.9196088910102844], [-0.07395655661821365, -0.9389919638633728, 0.33589354157447815]], "fy": 720.0, "fx": 720.0, "pinhole_name": "right"}, {"id": 878, "img_name": "/opt/roadar_data/colmap_c/images/00/002744.jpg", "width": 1440, "height": 1440, "position": [0.5946560502052307, 0.12891364097595215, -0.3509388566017151], "rotation": [[0.37857335805892944, -0.7857358455657959, 0.4891844093799591], [0.765442430973053, -0.03136185556650162, -0.6427397131919861], [0.5203653573989868, 0.6177666187286377, 0.5895627737045288]], "fy": 720.0, "fx": 720.0, "pinhole_name": "right"}, {"id": 2382, "img_name": "/opt/roadar_data/colmap_c/images/00/006294.jpg", "width": 1440, "height": 1440, "position": [-0.2659817337989807, 0.5186126828193665, -1.335819125175476], "rotation": [[-0.6904169917106628, -0.3898530602455139, -0.6093758940696716], [0.6881566643714905, -0.6137010455131531, -0.38705480098724365], [-0.2230800837278366, -0.6865752935409546, 0.6919896006584167]], "fy": 720.0, "fx": 720.0, "pinhole_name": "bottom"}, {"id": 2401, "img_name": "/opt/roadar_data/colmap_c/images/00/006330.jpg", "width": 1440, "height": 1440, "position": [-0.3772757053375244, 0.44257768988609314, -0.9509174823760986], "rotation": [[-0.4327130615711212, -0.8666227459907532, 0.24844405055046082], [0.8233302235603333, -0.26760944724082947, 0.5005123019218445], [-0.3672693371772766, 0.4211297035217285, 0.8293147683143616]], "fy": 720.0, "fx": 720.0, "pinhole_name": "top"}, {"id": 2527, "img_name": "/opt/roadar_data/colmap_c/images/00/006524.jpg", "width": 1440, "height": 1440, "position": [-0.4254407286643982, 0.43783000111579895, -1.312738060951233], "rotation": [[-0.5028746128082275, -0.8568437695503235, 0.11373607069253922], [0.733139157295227, -0.49252307415008545, -0.4689647853374481], [0.4578471779823303, -0.15244612097740173, 0.8758630752563477]], "fy": 720.0, "fx": 720.0, "pinhole_name": "bottom"}, {"id": 4513, "img_name": "/opt/roadar_data/colmap_c/images/10/004569.jpg", "width": 1440, "height": 1440, "position": [-1.7454195022583008, 0.242713063955307, 0.24000556766986847], "rotation": [[-0.10003209859132767, 0.9948283433914185, -0.017612367868423462], [-0.8612571358680725, -0.09543773531913757, -0.499127060174942], [-0.4982266128063202, -0.03475994989275932, 0.8663498163223267]], "fy": 720.0, "fx": 720.0, "pinhole_name": "right"}, {"id": 714, "img_name": "/opt/roadar_data/colmap_c/images/00/002210.jpg", "width": 1440, "height": 1440, "position": [0.914912760257721, -0.05823743715882301, -0.9809383749961853], "rotation": [[0.284921795129776, -0.5752512216567993, -0.7667500376701355], [-0.8201764225959778, 0.26770007610321045, -0.505615770816803], [0.49611514806747437, 0.7729312181472778, -0.3955339193344116]], "fy": 720.0, "fx": 720.0, "pinhole_name": "front"}, {"id": 4656, "img_name": "/opt/roadar_data/colmap_c/images/10/004959.jpg", "width": 1440, "height": 1440, "position": [-0.1378091722726822, -0.053434520959854126, 0.004346432629972696], "rotation": [[0.5560802817344666, -0.806330680847168, -0.20150834321975708], [-0.7727330327033997, -0.41230902075767517, -0.4825814962387085], [0.3060365617275238, 0.4240662157535553, -0.8523552417755127]], "fy": 720.0, "fx": 720.0, "pinhole_name": "top"}, {"id": 487, "img_name": "/opt/roadar_data/colmap_c/images/00/001470.jpg", "width": 1440, "height": 1440, "position": [0.7487275004386902, 0.49944281578063965, -0.35414010286331177], "rotation": [[0.26540684700012207, 0.16177530586719513, -0.9504672288894653], [-0.8696145415306091, -0.38552576303482056, -0.3084484934806824], [-0.41632896661758423, 0.9084044694900513, 0.03836097568273544]], "fy": 720.0, "fx": 720.0, "pinhole_name": "bottom"}, {"id": 1122, "img_name": "/opt/roadar_data/colmap_c/images/00/003403.jpg", "width": 1440, "height": 1440, "position": [0.30031073093414307, -0.3628664016723633, 2.0164220333099365], "rotation": [[-0.674953281879425, 0.7378225922584534, 0.007478920742869377], [0.7213165163993835, 0.6576515436172485, 0.21724869310855865], [0.1553724706172943, 0.15202738344669342, -0.9760876297950745]], "fy": 720.0, "fx": 720.0, "pinhole_name": "bottom"}, {"id": 1868, "img_name": "/opt/roadar_data/colmap_c/images/00/005266.jpg", "width": 1440, "height": 1440, "position": [0.1191318929195404, -0.26673176884651184, 1.6419812440872192], "rotation": [[0.7632338404655457, 0.06542741507291794, 0.6428012251853943], [-0.6212755441665649, 0.3475510776042938, 0.7022997736930847], [-0.1774565875530243, -0.9353755712509155, 0.30591118335723877]], "fy": 720.0, "fx": 720.0, "pinhole_name": "right"}, {"id": 3345, "img_name": "/opt/roadar_data/colmap_c/images/10/001285.jpg", "width": 1440, "height": 1440, "position": [1.2611746788024902, 0.3302730619907379, -0.9295183420181274], "rotation": [[0.6885164976119995, -0.6126086711883545, 0.38814377784729004], [0.2903323471546173, -0.25761011242866516, -0.9215986728668213], [0.6645691394805908, 0.7472265958786011, 0.0004912882577627897]], "fy": 720.0, "fx": 720.0, "pinhole_name": "left"}, {"id": 5404, "img_name": "/opt/roadar_data/colmap_c/images/10/006423.jpg", "width": 1440, "height": 1440, "position": [-0.61656254529953, -0.3169642686843872, -1.346282958984375], "rotation": [[-0.8353075385093689, 0.04663095623254776, -0.5478018522262573], [-0.310870885848999, 0.7817546725273132, 0.5405727624893188], [0.4534541070461273, 0.6218401789665222, -0.6385093331336975]], "fy": 720.0, "fx": 720.0, "pinhole_name": "front"}, {"id": 306, "img_name": "/opt/roadar_data/colmap_c/images/00/000930.jpg", "width": 1440, "height": 1440, "position": [0.43450430035591125, -0.07893475890159607, -1.2251924276351929], "rotation": [[-0.9328734278678894, 0.33706116676330566, 0.1270311325788498], [0.35974565148353577, 0.8540338277816772, 0.3757782578468323], [0.018171371892094612, 0.39625245332717896, -0.9179617762565613]], "fy": 720.0, "fx": 720.0, "pinhole_name": "top"}, {"id": 3314, "img_name": "/opt/roadar_data/colmap_c/images/10/001202.jpg", "width": 1440, "height": 1440, "position": [1.0493029356002808, -0.10730665922164917, -0.8179946541786194], "rotation": [[0.8312438726425171, -0.5326123833656311, -0.15924103558063507], [-0.0020742942579090595, 0.2834784984588623, -0.9589763283729553], [0.5559040904045105, 0.7974735498428345, 0.23453496396541595]], "fy": 720.0, "fx": 720.0, "pinhole_name": "front"}, {"id": 193, "img_name": "/opt/roadar_data/colmap_c/images/00/000610.jpg", "width": 1440, "height": 1440, "position": [-1.4659367799758911, -0.26320716738700867, 1.0050857067108154], "rotation": [[-0.7286736369132996, -0.5338178277015686, 0.42903754115104675], [0.004795428831130266, 0.6224669218063354, 0.7826313972473145], [-0.6848443150520325, 0.5723403096199036, -0.4510153830051422]], "fy": 720.0, "fx": 720.0, "pinhole_name": "right"}, {"id": 405, "img_name": "/opt/roadar_data/colmap_c/images/00/001271.jpg", "width": 1440, "height": 1440, "position": [1.2284672260284424, 0.24120685458183289, -0.9326949715614319], "rotation": [[-0.766527533531189, -0.627787709236145, -0.13534460961818695], [-0.06937302649021149, -0.12857231497764587, 0.9892706871032715], [-0.6384535431861877, 0.767692506313324, 0.055002689361572266]], "fy": 720.0, "fx": 720.0, "pinhole_name": "left"}, {"id": 4681, "img_name": "/opt/roadar_data/colmap_c/images/10/004999.jpg", "width": 1440, "height": 1440, "position": [0.03087686188519001, 0.011804196052253246, 0.44001147150993347], "rotation": [[0.3838875889778137, -0.7302230000495911, 0.565159022808075], [-0.2534432113170624, -0.6718744039535522, -0.6959535479545593], [0.887917160987854, 0.12393221259117126, -0.44299429655075073]], "fy": 720.0, "fx": 720.0, "pinhole_name": "top"}, {"id": 3616, "img_name": "/opt/roadar_data/colmap_c/images/10/002099.jpg", "width": 1440, "height": 1440, "position": [0.9225993752479553, -0.43068021535873413, -0.9253788590431213], "rotation": [[-0.05716788023710251, 0.37675002217292786, 0.9245492219924927], [0.7076429128646851, 0.6685433983802795, -0.2286728173494339], [-0.7042537331581116, 0.6411779522895813, -0.3048236668109894]], "fy": 720.0, "fx": 720.0, "pinhole_name": "top"}, {"id": 3847, "img_name": "/opt/roadar_data/colmap_c/images/10/002848.jpg", "width": 1440, "height": 1440, "position": [0.6412436366081238, -0.20366297662258148, 0.10204388946294785], "rotation": [[-0.5136560201644897, -0.8081732392311096, -0.2881206274032593], [-0.2952767014503479, -0.14878587424755096, 0.9437555074691772], [-0.8055862188339233, 0.5698410272598267, -0.16220995783805847]], "fy": 720.0, "fx": 720.0, "pinhole_name": "bottom"}, {"id": 4304, "img_name": "/opt/roadar_data/colmap_c/images/10/004147.jpg", "width": 1440, "height": 1440, "position": [-0.17337989807128906, 0.47190722823143005, 0.31834056973457336], "rotation": [[0.13576142489910126, -0.8495280146598816, 0.5097754597663879], [-0.15918461978435516, -0.5265583395957947, -0.8351027369499207], [0.9778696894645691, 0.0322263240814209, -0.2067181020975113]], "fy": 720.0, "fx": 720.0, "pinhole_name": "front"}, {"id": 3588, "img_name": "/opt/roadar_data/colmap_c/images/10/001937.jpg", "width": 1440, "height": 1440, "position": [0.9791419506072998, -0.7242624759674072, -0.9308415055274963], "rotation": [[-0.6207659840583801, -0.4181293547153473, 0.6631873250007629], [0.24219664931297302, 0.7022527456283569, 0.6694638133049011], [-0.7456476092338562, 0.5762021541595459, -0.33466511964797974]], "fy": 720.0, "fx": 720.0, "pinhole_name": "right"}, {"id": 4850, "img_name": "/opt/roadar_data/colmap_c/images/10/005377.jpg", "width": 1440, "height": 1440, "position": [-0.343349426984787, -0.13743403553962708, 0.7074887752532959], "rotation": [[-0.06366918236017227, 0.8639947772026062, 0.4994589388370514], [-0.7584982514381409, 0.2833515405654907, -0.5868495106697083], [-0.6485573649406433, -0.41620293259620667, 0.6372977495193481]], "fy": 720.0, "fx": 720.0, "pinhole_name": "left"}, {"id": 5676, "img_name": "/opt/roadar_data/colmap_c/images/10/006936.jpg", "width": 1440, "height": 1440, "position": [0.4064957797527313, -0.3678607940673828, 1.5468385219573975], "rotation": [[-0.41885918378829956, 0.38644471764564514, 0.8217161893844604], [-0.8499575257301331, 0.15162326395511627, -0.504561722278595], [-0.3195765018463135, -0.9097641706466675, 0.26495277881622314]], "fy": 720.0, "fx": 720.0, "pinhole_name": "top"}, {"id": 1734, "img_name": "/opt/roadar_data/colmap_c/images/00/004977.jpg", "width": 1440, "height": 1440, "position": [-0.06687430292367935, -0.07425498217344284, 0.10786645859479904], "rotation": [[-0.5348374843597412, -0.5919229388237, 0.6029727458953857], [0.6383790373802185, 0.1844359040260315, 0.7472988963127136], [-0.5535531640052795, 0.7846086025238037, 0.27922797203063965]], "fy": 720.0, "fx": 720.0, "pinhole_name": "front"}, {"id": 4372, "img_name": "/opt/roadar_data/colmap_c/images/10/004251.jpg", "width": 1440, "height": 1440, "position": [-0.6501598954200745, 0.5523556470870972, 0.8231930136680603], "rotation": [[-0.9802635908126831, -0.0704272910952568, 0.18472474813461304], [-0.19241741299629211, 0.1254328489303589, -0.973263680934906], [0.04537377506494522, -0.9895992279052734, -0.13650868833065033]], "fy": 720.0, "fx": 720.0, "pinhole_name": "bottom"}, {"id": 4354, "img_name": "/opt/roadar_data/colmap_c/images/10/004220.jpg", "width": 1440, "height": 1440, "position": [-0.5776447057723999, 0.554393470287323, 0.7917906045913696], "rotation": [[-0.7979925870895386, -0.43234413862228394, 0.4198646545410156], [-0.026165947318077087, -0.6711657047271729, -0.7408454418182373], [0.6020989418029785, -0.6021753549575806, 0.5242725610733032]], "fy": 720.0, "fx": 720.0, "pinhole_name": "front"}, {"id": 2553, "img_name": "/opt/roadar_data/colmap_c/images/00/006559.jpg", "width": 1440, "height": 1440, "position": [-0.28877925872802734, 0.4577302932739258, -0.8606152534484863], "rotation": [[-0.3843022584915161, -0.6599714756011963, -0.6455613374710083], [0.4784184694290161, -0.7404088377952576, 0.472133994102478], [-0.7895742654800415, -0.1274062991142273, 0.6002833247184753]], "fy": 720.0, "fx": 720.0, "pinhole_name": "right"}, {"id": 908, "img_name": "/opt/roadar_data/colmap_c/images/00/002833.jpg", "width": 1440, "height": 1440, "position": [0.634928822517395, -0.1253885179758072, 0.0459306426346302], "rotation": [[0.5191342234611511, -0.8410106897354126, 0.15231765806674957], [0.8359770178794861, 0.46254751086235046, -0.29528334736824036], [0.17788229882717133, 0.28062576055526733, 0.9431898593902588]], "fy": 720.0, "fx": 720.0, "pinhole_name": "right"}, {"id": 275, "img_name": "/opt/roadar_data/colmap_c/images/00/000853.jpg", "width": 1440, "height": 1440, "position": [0.6311814188957214, -0.20936079323291779, -0.8490302562713623], "rotation": [[-0.4259060025215149, -0.23743188381195068, 0.8730579614639282], [0.7578082084655762, 0.43356573581695557, 0.48759350180625916], [-0.4942982792854309, 0.8692795038223267, -0.004730417393147945]], "fy": 720.0, "fx": 720.0, "pinhole_name": "left"}, {"id": 1177, "img_name": "/opt/roadar_data/colmap_c/images/00/003610.jpg", "width": 1440, "height": 1440, "position": [0.6076182723045349, 0.43534716963768005, 1.8771251440048218], "rotation": [[0.2513953149318695, 0.9655606150627136, -0.06703024357557297], [0.9047633409500122, -0.25903645157814026, -0.3380878269672394], [-0.343807578086853, 0.02434718795120716, -0.9387244582176208]], "fy": 720.0, "fx": 720.0, "pinhole_name": "bottom"}, {"id": 5564, "img_name": "/opt/roadar_data/colmap_c/images/10/006690.jpg", "width": 1440, "height": 1440, "position": [-0.3566054701805115, -0.13157492876052856, 0.3224703371524811], "rotation": [[-0.3318730294704437, 0.14480794966220856, 0.9321432113647461], [-0.789787769317627, 0.4977022111415863, -0.3585076928138733], [-0.5158445239067078, -0.8551743626594543, -0.05080638825893402]], "fy": 720.0, "fx": 720.0, "pinhole_name": "front"}, {"id": 817, "img_name": "/opt/roadar_data/colmap_c/images/00/002573.jpg", "width": 1440, "height": 1440, "position": [0.6396363377571106, 0.08581098169088364, -1.006935477256775], "rotation": [[0.9472378492355347, -0.12492840737104416, -0.29518356919288635], [-0.08935143053531647, 0.7814991474151611, -0.6174750328063965], [0.30782589316368103, 0.6112707853317261, 0.7291030287742615]], "fy": 720.0, "fx": 720.0, "pinhole_name": "bottom"}, {"id": 5231, "img_name": "/opt/roadar_data/colmap_c/images/10/006119.jpg", "width": 1440, "height": 1440, "position": [-0.003565160557627678, -0.5360291600227356, -2.0115482807159424], "rotation": [[0.10291111469268799, -0.9192069172859192, -0.3800894021987915], [-0.6226695775985718, 0.23845374584197998, -0.7452666759490967], [0.7756879925727844, 0.3133663237094879, -0.5478226542472839]], "fy": 720.0, "fx": 720.0, "pinhole_name": "top"}, {"id": 4476, "img_name": "/opt/roadar_data/colmap_c/images/10/004500.jpg", "width": 1440, "height": 1440, "position": [-1.6927016973495483, 0.39343366026878357, 0.16658435761928558], "rotation": [[-0.15119622647762299, 0.48725131154060364, -0.8600731492042542], [-0.5640885233879089, -0.7570301294326782, -0.32971131801605225], [-0.8117535710334778, 0.43530628085136414, 0.3893129527568817]], "fy": 720.0, "fx": 720.0, "pinhole_name": "top"}, {"id": 3824, "img_name": "/opt/roadar_data/colmap_c/images/10/002779.jpg", "width": 1440, "height": 1440, "position": [0.5219485759735107, 0.08874773234128952, -0.19619759917259216], "rotation": [[-0.528141975402832, -0.8491464853286743, 0.004039057530462742], [-0.16144049167633057, 0.10507835447788239, 0.9812723994255066], [-0.8336684107780457, 0.5175991058349609, -0.192582905292511]], "fy": 720.0, "fx": 720.0, "pinhole_name": "front"}, {"id": 5863, "img_name": "/opt/roadar_data/colmap_c/images/10/007351.jpg", "width": 1440, "height": 1440, "position": [-0.7791576981544495, -0.3527771234512329, 0.796502947807312], "rotation": [[-0.8619441986083984, 0.3947189450263977, 0.3181968033313751], [0.015040703117847443, 0.6472342610359192, -0.7621427774429321], [-0.5067800283432007, -0.6521385908126831, -0.5638166666030884]], "fy": 720.0, "fx": 720.0, "pinhole_name": "right"}, {"id": 3531, "img_name": "/opt/roadar_data/colmap_c/images/10/001755.jpg", "width": 1440, "height": 1440, "position": [0.554681658744812, -0.1953442245721817, -1.3043469190597534], "rotation": [[-0.10798569768667221, 0.7695252299308777, 0.6294203996658325], [0.9751178622245789, 0.20528501272201538, -0.0836852639913559], [-0.19360849261283875, 0.604722261428833, -0.7725456357002258]], "fy": 720.0, "fx": 720.0, "pinhole_name": "top"}, {"id": 2374, "img_name": "/opt/roadar_data/colmap_c/images/00/006276.jpg", "width": 1440, "height": 1440, "position": [-0.14725953340530396, 0.4944247007369995, -1.5402408838272095], "rotation": [[-0.6298738718032837, -0.6951509118080139, 0.34644490480422974], [0.775514543056488, -0.5874918103218079, 0.23115046322345734], [0.042849089950323105, 0.41426870226860046, 0.9091454148292542]], "fy": 720.0, "fx": 720.0, "pinhole_name": "front"}, {"id": 2681, "img_name": "/opt/roadar_data/colmap_c/images/00/006827.jpg", "width": 1440, "height": 1440, "position": [-0.8796502947807312, -0.04676828533411026, 0.8559642434120178], "rotation": [[0.5631681680679321, -0.1755695790052414, -0.8074756264686584], [0.5442715883255005, 0.8140789270401001, 0.20259302854537964], [0.62177973985672, -0.5535799860954285, 0.554020881652832]], "fy": 720.0, "fx": 720.0, "pinhole_name": "top"}, {"id": 2668, "img_name": "/opt/roadar_data/colmap_c/images/00/006780.jpg", "width": 1440, "height": 1440, "position": [-1.0170106887817383, -0.047515545040369034, 0.7295374274253845], "rotation": [[0.7268275618553162, 0.6831572651863098, -0.07083717733621597], [-0.253995805978775, 0.3631837069988251, 0.8964282870292664], [0.638128399848938, -0.6335564255714417, 0.4374909996986389]], "fy": 720.0, "fx": 720.0, "pinhole_name": "right"}, {"id": 1542, "img_name": "/opt/roadar_data/colmap_c/images/00/004500.jpg", "width": 1440, "height": 1440, "position": [-1.6879335641860962, 0.40914633870124817, 0.15712058544158936], "rotation": [[0.17335137724876404, 0.4995853900909424, 0.8487424254417419], [0.5657719373703003, -0.7559135556221008, 0.3293885588645935], [0.8061336278915405, 0.4230946898460388, -0.4136900305747986]], "fy": 720.0, "fx": 720.0, "pinhole_name": "bottom"}, {"id": 4212, "img_name": "/opt/roadar_data/colmap_c/images/10/003870.jpg", "width": 1440, "height": 1440, "position": [1.0235936641693115, 0.34184199571609497, 1.0889686346054077], "rotation": [[-0.7030118107795715, -0.7090235948562622, 0.05531657114624977], [-0.5368936657905579, 0.4781116545200348, -0.6950930953025818], [0.46638989448547363, -0.5183578133583069, -0.7167884111404419]], "fy": 720.0, "fx": 720.0, "pinhole_name": "bottom"}, {"id": 4262, "img_name": "/opt/roadar_data/colmap_c/images/10/004045.jpg", "width": 1440, "height": 1440, "position": [0.4838939607143402, 0.47081422805786133, 0.3269924819469452], "rotation": [[-0.06250446289777756, -0.9286595582962036, -0.365629106760025], [-0.4748298227787018, 0.3498980700969696, -0.807532012462616], [0.8778552412986755, 0.12313725054264069, -0.4628254473209381]], "fy": 720.0, "fx": 720.0, "pinhole_name": "bottom"}, {"id": 2056, "img_name": "/opt/roadar_data/colmap_c/images/00/005617.jpg", "width": 1440, "height": 1440, "position": [-0.6317697763442993, -0.5456161499023438, -1.3047144412994385], "rotation": [[-0.9677144289016724, -0.04746054857969284, -0.24754051864147186], [0.17844894528388977, 0.564577043056488, -0.8058589696884155], [0.17800220847129822, -0.8240147233009338, -0.5378800630569458]], "fy": 720.0, "fx": 720.0, "pinhole_name": "top"}, {"id": 3445, "img_name": "/opt/roadar_data/colmap_c/images/10/001512.jpg", "width": 1440, "height": 1440, "position": [0.4436337351799011, 0.43299588561058044, -0.48241880536079407], "rotation": [[0.6650375127792358, -0.16821298003196716, 0.7276190519332886], [0.6184704303741455, -0.4220513105392456, -0.662847638130188], [0.4185921549797058, 0.8908294439315796, -0.1766452193260193]], "fy": 720.0, "fx": 720.0, "pinhole_name": "left"}, {"id": 4823, "img_name": "/opt/roadar_data/colmap_c/images/10/005323.jpg", "width": 1440, "height": 1440, "position": [-0.27572277188301086, -0.35258224606513977, 1.2503408193588257], "rotation": [[-0.7627682685852051, 0.45801854133605957, -0.456512451171875], [0.6349247694015503, 0.39648687839508057, -0.6630752086639404], [-0.12269952893257141, -0.795623779296875, -0.5932348966598511]], "fy": 720.0, "fx": 720.0, "pinhole_name": "right"}, {"id": 1241, "img_name": "/opt/roadar_data/colmap_c/images/00/003766.jpg", "width": 1440, "height": 1440, "position": [1.0311654806137085, 0.44168397784233093, 1.5097143650054932], "rotation": [[0.8333873152732849, -0.4042050242424011, -0.37694016098976135], [0.5066859722137451, 0.286345511674881, 0.8131884932518005], [-0.22075976431369781, -0.8686912655830383, 0.4434417486190796]], "fy": 720.0, "fx": 720.0, "pinhole_name": "top"}, {"id": 1735, "img_name": "/opt/roadar_data/colmap_c/images/00/004987.jpg", "width": 1440, "height": 1440, "position": [-0.013680094853043556, -0.008599686436355114, 0.2552686929702759], "rotation": [[0.018045347183942795, -0.7576515674591064, 0.6524097323417664], [0.982852041721344, 0.13320519030094147, 0.12750762701034546], [-0.18351072072982788, 0.638921320438385, 0.747063159942627]], "fy": 720.0, "fx": 720.0, "pinhole_name": "left"}, {"id": 1284, "img_name": "/opt/roadar_data/colmap_c/images/00/003883.jpg", "width": 1440, "height": 1440, "position": [0.9883409738540649, 0.3434264361858368, 1.0129550695419312], "rotation": [[0.6836501359939575, -0.5238000154495239, -0.5081889629364014], [0.5086451768875122, -0.15737320482730865, 0.84647136926651], [-0.5233570337295532, -0.837178111076355, 0.1588401347398758]], "fy": 720.0, "fx": 720.0, "pinhole_name": "front"}, {"id": 1560, "img_name": "/opt/roadar_data/colmap_c/images/00/004526.jpg", "width": 1440, "height": 1440, "position": [-1.770630121231079, 0.38070163130760193, 0.22243213653564453], "rotation": [[-0.06477762013673782, 0.9822282195091248, -0.1761578768491745], [-0.19038142263889313, -0.18545055389404297, -0.9640347361564636], [-0.9795706868171692, -0.028910687193274498, 0.19901105761528015]], "fy": 720.0, "fx": 720.0, "pinhole_name": "left"}, {"id": 42, "img_name": "/opt/roadar_data/colmap_c/images/00/000234.jpg", "width": 1440, "height": 1440, "position": [-2.395153522491455, -0.45592793822288513, 1.428808331489563], "rotation": [[-0.7507526278495789, 0.6179047226905823, -0.23358987271785736], [0.11591709405183792, 0.4713529944419861, 0.8742937445640564], [0.6503335237503052, 0.6293013095855713, -0.4254952073097229]], "fy": 720.0, "fx": 720.0, "pinhole_name": "bottom"}, {"id": 3113, "img_name": "/opt/roadar_data/colmap_c/images/10/000584.jpg", "width": 1440, "height": 1440, "position": [-1.8192062377929688, -0.39432016015052795, 1.2420439720153809], "rotation": [[0.5238187909126282, -0.2549439072608948, -0.8127837777137756], [-0.20236191153526306, 0.8896036148071289, -0.4094569981098175], [0.8274439573287964, 0.37895774841308594, 0.4144001603126526]], "fy": 720.0, "fx": 720.0, "pinhole_name": "right"}, {"id": 4219, "img_name": "/opt/roadar_data/colmap_c/images/10/003883.jpg", "width": 1440, "height": 1440, "position": [0.9972221255302429, 0.32669761776924133, 1.0122774839401245], "rotation": [[-0.6980592608451843, -0.5058889985084534, 0.5067440867424011], [-0.5032197833061218, -0.15686257183551788, -0.8498023152351379], [0.5093948245048523, -0.8482160568237305, -0.1450739949941635]], "fy": 720.0, "fx": 720.0, "pinhole_name": "front"}, {"id": 433, "img_name": "/opt/roadar_data/colmap_c/images/00/001340.jpg", "width": 1440, "height": 1440, "position": [1.1792824268341064, 0.415903776884079, -0.807784378528595], "rotation": [[0.7160544991493225, -0.6027622818946838, -0.35205623507499695], [-0.6500217318534851, -0.39194297790527344, -0.6510395407676697], [0.25443607568740845, 0.6950240135192871, -0.6724610924720764]], "fy": 720.0, "fx": 720.0, "pinhole_name": "right"}, {"id": 4676, "img_name": "/opt/roadar_data/colmap_c/images/10/004992.jpg", "width": 1440, "height": 1440, "position": [0.002755920635536313, 0.004746016580611467, 0.3336387872695923], "rotation": [[0.4444830119609833, -0.7762598991394043, 0.44705188274383545], [-0.42259612679481506, -0.6217448115348816, -0.6594284772872925], [0.7898401021957397, 0.10418238490819931, -0.6043994426727295]], "fy": 720.0, "fx": 720.0, "pinhole_name": "top"}, {"id": 1755, "img_name": "/opt/roadar_data/colmap_c/images/00/005017.jpg", "width": 1440, "height": 1440, "position": [0.14092472195625305, 0.006343617103993893, 0.6024088859558105], "rotation": [[-0.04101644828915596, -0.9558414816856384, 0.29100632667541504], [0.7736884951591492, 0.1539113074541092, 0.6145871877670288], [-0.6322370767593384, 0.25035643577575684, 0.7332106828689575]], "fy": 720.0, "fx": 720.0, "pinhole_name": "left"}, {"id": 698, "img_name": "/opt/roadar_data/colmap_c/images/00/002157.jpg", "width": 1440, "height": 1440, "position": [0.9078640341758728, -0.27483952045440674, -0.9446982741355896], "rotation": [[0.7199520468711853, -0.5285506844520569, -0.4497813284397125], [-0.16083599627017975, 0.5033702254295349, -0.8489700555801392], [0.6751302480697632, 0.6835587620735168, 0.2773924469947815]], "fy": 720.0, "fx": 720.0, "pinhole_name": "right"}, {"id": 3348, "img_name": "/opt/roadar_data/colmap_c/images/10/001285.jpg", "width": 1440, "height": 1440, "position": [1.2611746788024902, 0.3302730619907379, -0.9295183420181274], "rotation": [[-0.5120627880096436, -0.6122719645500183, 0.6024240255355835], [0.8491930961608887, -0.255460649728775, 0.4621806740760803], [-0.12908464670181274, 0.7482398748397827, 0.6507490277290344]], "fy": 720.0, "fx": 720.0, "pinhole_name": "right"}, {"id": 2736, "img_name": "/opt/roadar_data/colmap_c/images/00/006928.jpg", "width": 1440, "height": 1440, "position": [0.3707846403121948, -0.3442302644252777, 1.4690866470336914], "rotation": [[0.5261695981025696, -0.8367796540260315, -0.15147726237773895], [0.8179613351821899, 0.5467313528060913, -0.1789529025554657], [0.23256152868270874, -0.02974296733736992, 0.9721267819404602]], "fy": 720.0, "fx": 720.0, "pinhole_name": "top"}, {"id": 328, "img_name": "/opt/roadar_data/colmap_c/images/00/001033.jpg", "width": 1440, "height": 1440, "position": [0.418113648891449, -0.05534113943576813, -0.8089629411697388], "rotation": [[-0.8514379858970642, 0.11862370371818542, -0.5108637809753418], [-0.4668039083480835, 0.2725915312767029, 0.8413013815879822], [0.23905541002750397, 0.9547891020774841, -0.1767207682132721]], "fy": 720.0, "fx": 720.0, "pinhole_name": "right"}, {"id": 4999, "img_name": "/opt/roadar_data/colmap_c/images/10/005631.jpg", "width": 1440, "height": 1440, "position": [-0.7637332677841187, -0.4693765640258789, -1.2069579362869263], "rotation": [[0.7346594929695129, 0.3854753375053406, 0.5582868456840515], [-0.4694401025772095, 0.8829270005226135, 0.008117740042507648], [-0.48979735374450684, -0.26804599165916443, 0.8296082615852356]], "fy": 720.0, "fx": 720.0, "pinhole_name": "front"}, {"id": 3725, "img_name": "/opt/roadar_data/colmap_c/images/10/002414.jpg", "width": 1440, "height": 1440, "position": [0.5788530707359314, 0.0900818407535553, -1.2988511323928833], "rotation": [[-0.538054347038269, -0.12120814621448517, 0.8341498970985413], [0.8361590504646301, 0.04824663698673248, 0.5463609099388123], [-0.1064683273434639, 0.9914538860321045, 0.07538997381925583]], "fy": 720.0, "fx": 720.0, "pinhole_name": "left"}, {"id": 2616, "img_name": "/opt/roadar_data/colmap_c/images/00/006667.jpg", "width": 1440, "height": 1440, "position": [-0.21941129863262177, -0.052820395678281784, 0.15475760400295258], "rotation": [[0.3137446641921997, -0.7675865888595581, -0.5589052438735962], [0.8905702829360962, 0.44204163551330566, -0.10716229677200317], [0.329315721988678, -0.46412280201911926, 0.8222780227661133]], "fy": 720.0, "fx": 720.0, "pinhole_name": "top"}, {"id": 5001, "img_name": "/opt/roadar_data/colmap_c/images/10/005639.jpg", "width": 1440, "height": 1440, "position": [-0.8355668783187866, -0.38917282223701477, -1.1764389276504517], "rotation": [[0.5745024085044861, 0.8182985186576843, -0.018288863822817802], [-0.6278133392333984, 0.4262120723724365, -0.6513015627861023], [-0.5251641869544983, 0.38565629720687866, 0.7585985660552979]], "fy": 720.0, "fx": 720.0, "pinhole_name": "top"}, {"id": 1630, "img_name": "/opt/roadar_data/colmap_c/images/00/004793.jpg", "width": 1440, "height": 1440, "position": [-1.3739540576934814, -0.030356084927916527, 0.22270873188972473], "rotation": [[-0.05298899859189987, 0.9710750579833984, 0.23282064497470856], [0.9160329699516296, 0.14009559154510498, -0.3758414685726166], [-0.3975874185562134, 0.19335593283176422, -0.8969602584838867]], "fy": 720.0, "fx": 720.0, "pinhole_name": "left"}, {"id": 5643, "img_name": "/opt/roadar_data/colmap_c/images/10/006859.jpg", "width": 1440, "height": 1440, "position": [-0.2914610207080841, -0.05367066711187363, 0.8619447350502014], "rotation": [[-0.9403676986694336, -0.1933264583349228, -0.27988123893737793], [0.21547676622867584, 0.29810836911201477, -0.9298930764198303], [0.26320788264274597, -0.9347493052482605, -0.2386741191148758]], "fy": 720.0, "fx": 720.0, "pinhole_name": "right"}, {"id": 1051, "img_name": "/opt/roadar_data/colmap_c/images/00/003213.jpg", "width": 1440, "height": 1440, "position": [1.0510092973709106, -0.5747097134590149, 1.2554248571395874], "rotation": [[-0.9851395487785339, -0.0898328647017479, -0.14639027416706085], [0.05574021115899086, 0.6389681696891785, -0.7672110199928284], [0.16245949268341064, -0.7639697194099426, -0.6244655251502991]], "fy": 720.0, "fx": 720.0, "pinhole_name": "top"}, {"id": 258, "img_name": "/opt/roadar_data/colmap_c/images/00/000812.jpg", "width": 1440, "height": 1440, "position": [0.5845180749893188, -0.2005482167005539, -0.4569534957408905], "rotation": [[-0.8112416863441467, -0.5365379452705383, -0.23240889608860016], [-0.5114355087280273, 0.45846065878868103, 0.7268064022064209], [-0.28340888023376465, 0.7084778547286987, -0.6463269591331482]], "fy": 720.0, "fx": 720.0, "pinhole_name": "right"}, {"id": 801, "img_name": "/opt/roadar_data/colmap_c/images/00/002471.jpg", "width": 1440, "height": 1440, "position": [0.6000234484672546, 0.08709055185317993, -1.1915982961654663], "rotation": [[0.9747347235679626, -0.20788130164146423, 0.0817161351442337], [-0.10529472678899765, -0.750279426574707, -0.6526819467544556], [0.19699032604694366, 0.6275874972343445, -0.7532122731208801]], "fy": 720.0, "fx": 720.0, "pinhole_name": "top"}, {"id": 3427, "img_name": "/opt/roadar_data/colmap_c/images/10/001478.jpg", "width": 1440, "height": 1440, "position": [0.716812014579773, 0.49311384558677673, -0.33653420209884644], "rotation": [[-0.2494780570268631, -0.9664496183395386, 0.06112179160118103], [0.8696563243865967, -0.25136232376098633, -0.42487040162086487], [0.42597952485084534, -0.05284088850021362, 0.9031884074211121]], "fy": 720.0, "fx": 720.0, "pinhole_name": "bottom"}, {"id": 5513, "img_name": "/opt/roadar_data/colmap_c/images/10/006602.jpg", "width": 1440, "height": 1440, "position": [-0.07694381475448608, 0.4031429588794708, -0.5014416575431824], "rotation": [[-0.46739068627357483, -0.6145853400230408, 0.63547682762146], [-0.33141660690307617, -0.54459148645401, -0.7704434990882874], [0.8195785284042358, -0.5707056522369385, 0.05085320398211479]], "fy": 720.0, "fx": 720.0, "pinhole_name": "right"}, {"id": 2754, "img_name": "/opt/roadar_data/colmap_c/images/00/006963.jpg", "width": 1440, "height": 1440, "position": [0.541763961315155, -0.3580103814601898, 1.6989432573318481], "rotation": [[0.25292348861694336, -0.5006992220878601, -0.8278465867042542], [0.8729449510574341, 0.4870225787162781, -0.027859674766659737], [0.4171293079853058, -0.7156181335449219, 0.5602622628211975]], "fy": 720.0, "fx": 720.0, "pinhole_name": "front"}, {"id": 4825, "img_name": "/opt/roadar_data/colmap_c/images/10/005343.jpg", "width": 1440, "height": 1440, "position": [-0.3417615294456482, -0.318325400352478, 1.0636802911758423], "rotation": [[-0.25940659642219543, 0.5336110591888428, 0.8049642443656921], [-0.7374579906463623, 0.42873716354370117, -0.5218621492385864], [-0.6235895156860352, -0.7290018200874329, 0.2822985053062439]], "fy": 720.0, "fx": 720.0, "pinhole_name": "left"}, {"id": 1466, "img_name": "/opt/roadar_data/colmap_c/images/00/004303.jpg", "width": 1440, "height": 1440, "position": [-1.080845832824707, 0.44525206089019775, 0.6775506138801575], "rotation": [[0.6257777214050293, 0.676460862159729, -0.38833358883857727], [0.12081481516361237, 0.4077937602996826, 0.9050458669662476], [0.7705880999565125, -0.6132739782333374, 0.17346175014972687]], "fy": 720.0, "fx": 720.0, "pinhole_name": "top"}, {"id": 4981, "img_name": "/opt/roadar_data/colmap_c/images/10/005607.jpg", "width": 1440, "height": 1440, "position": [-0.559630274772644, -0.5531449317932129, -1.3215930461883545], "rotation": [[0.947371244430542, -0.201492577791214, -0.24877400696277618], [-0.06391651928424835, 0.6423928737640381, -0.7637054920196533], [0.313691645860672, 0.7394133806228638, 0.5957058072090149]], "fy": 720.0, "fx": 720.0, "pinhole_name": "top"}, {"id": 1518, "img_name": "/opt/roadar_data/colmap_c/images/00/004445.jpg", "width": 1440, "height": 1440, "position": [-1.4221270084381104, 0.43904992938041687, 0.08705583959817886], "rotation": [[-0.5075687170028687, 0.850125253200531, 0.14021772146224976], [-0.40259045362472534, -0.37788280844688416, 0.8337419033050537], [0.7617709040641785, 0.3667309880256653, 0.5340538024902344]], "fy": 720.0, "fx": 720.0, "pinhole_name": "right"}, {"id": 3612, "img_name": "/opt/roadar_data/colmap_c/images/10/002079.jpg", "width": 1440, "height": 1440, "position": [0.9243646860122681, -0.4815649092197418, -0.9248015284538269], "rotation": [[-0.051217515021562576, -0.9730756282806396, 0.22472330927848816], [0.683548092842102, 0.12989617884159088, 0.7182541489601135], [-0.7281062602996826, 0.19039638340473175, 0.6584910154342651]], 